tooltext=1
showhidden=1
fontsize=1
automount=1
fadeframes=2
fontfamily=Roboto
iconset=Generic
language=English
theme=ICS
calibration=48510.000000;45.000000;-246727.500000;734.000000;47801.750000;-174437.875000;46802.500000;0
